10
3
1
9
772
11
26
3
6
7
5
6
46
44
13
13
117
169
133
17
61
1
6
5
83
23
6
1
216
209
26
27
139
24
24
6
53
180
29
59
11
82
259
2
96
1
13
1
82
19
25
18
8
102
264
66
2
161
10
12
36
3
30
9
3
120
1
127
22
44
217
49
10
3
3
25
32
18
6
45
36
30
79
2
10
41
20
1
9
142
37
101
95
19
64
6
14
18
1
18
6
13
20
31
46
94
4
5
62
1
14
199
12
6
14
11
3
20
10
2
23
6
48
8
6
26
3
10
1
3
11
7
9
6
772
5
46
13
27
44
13
169
31
1
6
117
133
5
83
28
17
61
6
23
180
1
209
259
216
24
6
139
26
53
11
15
82
2
1
96
82
25
17
4
12
18
2
9
22
102
3
12
2
120
264
25
127
11
1
2
49
36
47
99
36
32
45
79
18
30
101
338
9
2
3
139
95
16
115
41
59
105
19
48
19
3
53
19
96
26
88
55
400
27
31
3
64
161
4
70
101
329
3
26
288
56
117
45
8
8
9
152
1083
1
21
15
41
41
19
35
6
12
71
110
31
77
19
31
40
75
2
11944
95
839
68
60
117
151
125
128
133
66
56
122
82
266
241
30
6
1
26
6
3
10
3
11
7
9
6
772
5
46
13
27
44
13
31
169
117
1
133
6
5
17
83
28
61
23
6
180
1
259
209
216
24
6
26
139
53
11
15
82
2
1
96
82
25
12
2
17
18
4
9
2
12
264
22
102
25
120
1
3
49
127
36
2
11
47
99
18
101
79
36
45
32
338
3
9
30
16
139
41
115
2
19
95
105
31
48
19
3
53
55
26
96
88
400
27
19
64
161
59
3
70
4
329
26
56
288
117
3
101
45
8
8
9
1083
12
31
6
41
152
71
77
110
31
19
40
21
19
1
15
35
41
75
2
11944
95
839
117
68
60
151
125
133
128
56
66
122
82
266
241
30
6
13
34
116
59
56
56
63
217
13
20
66
2
38
169
1
4
3
41
57
24
20
3
3
87
32
25
64
3
4
24
7
19
5
29
29
12
12
19
167
3
3
49
27
21
36
9
2
18
3
14
55
66
16
215
24
83
44
7
19
196
2
10
2
6
1
2
315
17
357
161
122
25
20
80
70
24
157
6
186
8
91
108
45
497
11
41
93
146
354
1
152
23
4
12
51
65
16
1
7
13
1
2
1
14
17
5
31
276
1
30
37
36
7
22
8
8
6
2
23
24
24
19
11
91
71
6
33
8
6
3
4
14
18
10
1
13
6
2
10
15
26
20
3
30
1
1
44
1
4
7
18
31
17
10
142
20
21
18
1
47
1
8
140
1
134
53
45
11
8
39
85
3
94
14
35
6
5
4
1
11
62
5
68
9
45
6
9
1
5
29
14
14
10
4
1
2
6
7
71
4
1
1
6
199
1
6
2
51
2
3
2
3
20
10
14
12
6
11
6
23
4
1
48
10
1
30
3
8
1
2
